0
0
0
0
0
0
0
0
0
0
0
0
0
0
0
0
0
0
0
0
0
0
0
0
0
0
0
0
3
11
27
33
43
49
55
68
73
84
89
94
103
107
116
121
125
133
137
143
145
146
149
152
153
154
157
159
161
165
168
172
173
175
175
175
175
175
175
175
174
172
168
149
139
130
114
107
97
92
86
83
80
76
75
73
68
67
60
57
55
48
44
40
37
35
31
29
27
23
21
20
18
17
15
14
12
9
7
5
4
4
4
4
4
4
4
5
8
19
27
45
58
73
81
88
103
108
116
119
122
130
133
141
144
150
154
159
161
163
166
167
167
169
169
169
169
169
169
169
169
169
165
158
136
122
98
87
71
64
53
47
42
31
26
16
12
3
3
3
3
3
3
3
3
3
3
3
3
3
3
3
10
17
30
35
40
52
58
64
77
83
96
102
107
117
120
128
130
133
137
139
140
142
143
144
147
148
150
150
150
151
152
154
157
158
158
160
162
163
163
164
165
167
168
168
169
170
171
171
172
172
172
172
172
172
172
172
172
172
171
171
171
170
169
168
165
163
162
154
151
146
137
131
126
113
105
95
91
85
82
79
74
71
68
63
60
57
53
51
47
45
40
38
33
30
25
22
20
17
16
14
10
8
6
2
1
1
1
1
1
1
1
1
1
1
1
4
21
29
41
51
55
61
69
74
76
83
87
91
99
102
104
111
113
116
122
123
128
130
131
134
136
138
141
143
145
146
149
150
153
154
157
159
160
163
164
166
166
167
169
170
172
172
173
174
174
175
175
175
176
177
177
178
179
179
179
179
179
179
179
179
