0
38
38
38
38
38
38
38
38
38
38
38
38
38
38
38
38
38
38
38
38
38
38
38
38
38
38
38
38
38
38
38
38
38
38
38
38
38
38
38
38
38
38
38
38
38
38
38
38
38
38
38
38
38
38
39
39
43
46
48
49
49
51
51
51
52
52
52
52
52
52
52
52
52
52
49
47
44
42
41
40
39
39
39
39
39
39
39
39
39
39
39
39
39
39
39
39
39
39
39
39
39
39
39
39
39
39
41
42
43
44
44
44
44
44
44
44
44
44
43
42
40
39
37
37
36
36
38
40
42
44
45
45
46
46
46
46
46
46
46
46
46
46
46
46
46
46
46
47
48
50
51
53
53
53
53
53
53
53
53
53
53
53
53
54
54
54
54
54
55
56
59
63
67
71
75
78
81
84
87
90
93
95
95
97
98
99
99
100
100
100
100
100
100
100
100
100
100
100
100
100
100
100
100
100
100
100
100
100
100
100
100
100
100
100
100
100
100
100
100
101
103
106
109
113
115
117
119
120
121
121
122
123
123
124
124
124
124
124
124
124
124
124
124
124
124
124
124
124
124
124
124
124
124
124
124
124
124
124
124
125
126
128
131
136
140
143
147
149
150
150
151
151
151
151
151
151
151
151
151
151
151
151
151
151
151
151
151
151
151
151
151
151
151
151
151
151
151
151
151
151
151
151
151
151
151
151
151
151
151
151
151
151
151
151
151
151
151
151
151
151
150
150
149
147
144
141
137
133
129
124
120
116
111
107
103
98
94
90
87
83
80
76
72
68
66
61
58
55
52
50
48
46
45
43
42
42
40
39
39
