0
48
48
48
48
48
48
48
48
48
48
48
48
48
48
48
48
48
48
48
48
48
48
48
49
49
49
49
49
49
49
49
49
49
49
49
49
49
49
49
49
49
49
49
52
59
72
82
89
95
98
100
101
101
101
101
101
101
101
101
101
101
101
101
101
101
101
101
101
100
98
93
83
72
63
54
49
44
42
40
39
39
38
38
38
38
38
38
38
38
38
38
38
38
38
38
38
38
39
42
47
54
62
69
75
79
84
86
86
89
92
94
95
96
97
97
97
97
97
97
97
97
97
97
97
97
97
96
93
87
76
63
53
45
39
36
35
35
35
35
35
35
36
41
51
65
81
90
99
106
109
111
112
113
114
114
115
115
115
115
115
115
114
109
102
91
77
67
57
52
49
47
47
46
46
46
46
46
46
46
46
46
46
46
46
46
46
46
46
46
46
46
49
52
57
62
62
68
74
80
86
91
94
98
100
102
103
103
103
103
103
103
103
103
103
103
103
103
103
103
103
103
103
99
91
75
65
56
50
45
41
39
36
34
32
31
30
29
29
29
29
29
29
29
29
29
29
29
29
29
30
33
37
44
55
65
73
80
85
87
92
98
102
106
110
111
112
112
112
112
111
106
95
83
73
61
56
51
49
47
47
46
45
45
45
45
45
46
52
60
72
86
96
106
112
116
118
118
118
119
119
119
119
119
119
119
119
119
119
119
119
119
119
118
116
113
109
103
96
90
80
71
62
52
43
38
34
34
30
30
29
29
29
29
29
29
29
29
29
29
29
29
29
29
29
29
30
32
36
43
51
60
68
75
80
85
88
92
94
96
