0
97
97
97
97
97
97
97
97
97
97
97
97
97
97
97
97
97
97
97
97
97
98
98
98
98
98
98
98
98
98
98
98
98
98
98
98
98
98
98
98
98
98
98
98
98
98
98
98
97
95
92
89
88
88
87
87
87
87
87
87
87
87
87
87
87
87
87
87
87
87
83
77
66
62
53
48
44
41
37
35
34
33
33
32
32
31
31
29
28
27
25
24
22
21
19
18
17
16
16
15
15
15
15
14
14
14
14
14
14
14
14
14
14
14
14
14
14
14
14
14
13
12
12
11
11
11
11
10
10
10
10
10
10
10
10
10
10
10
10
10
9
9
9
9
9
9
10
10
11
13
14
17
19
20
23
26
27
29
31
32
35
36
38
39
42
46
48
49
53
56
58
60
63
64
65
67
70
71
72
73
73
73
73
73
73
73
73
73
73
73
73
73
73
73
73
73
73
73
73
73
73
73
73
73
73
73
73
73
73
73
73
73
73
73
73
73
73
73
73
73
73
73
73
73
73
73
73
73
73
73
73
73
73
73
73
73
73
73
113
114
116
117
118
119
120
121
123
124
125
126
126
126
127
127
127
128
129
130
132
134
135
136
137
138
139
140
141
141
142
144
145
146
147
148
149
149
150
151
152
152
154
154
155
156
156
156
157
157
157
157
157
158
158
160
161
162
163
163
163
163
164
164
164
165
165
165
166
166
166
167
167
167
168
168
169
170
171
171
172
172
173
173
173
173
173
173
173
173
173
173
173
173
173
173
173
173
173
173
173
173
173
173
173
173
173
173
173
173
173
173
173
173
173
173
173
173
173
173
173
