0
155
155
155
155
155
155
155
155
155
155
155
155
155
155
155
155
155
155
155
155
155
155
155
155
155
155
155
155
155
155
155
155
155
155
155
155
155
155
155
155
155
155
155
155
155
155
155
155
155
155
155
155
155
155
155
155
155
155
155
155
155
155
155
155
155
155
155
155
155
154
150
141
126
108
89
69
58
47
42
39
37
37
37
37
37
37
37
37
37
37
37
37
37
37
37
37
37
38
40
48
58
58
85
85
102
108
108
111
112
113
113
113
113
113
113
113
113
113
113
113
113
113
113
113
113
113
113
113
112
112
104
94
74
53
36
27
21
16
15
15
15
15
15
15
15
15
18
46
46
105
123
137
143
148
148
150
150
150
150
150
150
150
150
150
146
138
119
95
75
55
43
36
32
31
31
30
30
30
30
30
30
30
30
30
30
30
30
30
30
30
30
30
31
33
37
44
55
65
78
95
114
129
137
143
145
146
146
146
146
146
145
141
131
107
79
57
39
29
24
22
21
21
21
21
21
21
21
21
21
22
27
41
41
87
105
121
129
136
138
138
139
139
139
139
139
139
139
139
139
139
139
139
139
139
139
139
139
139
138
135
130
124
116
104
97
87
77
66
56
47
41
37
35
34
33
33
33
34
41
61
88
120
140
155
164
171
173
173
173
173
173
173
173
173
171
165
148
124
96
74
51
45
35
30
29
28
28
28
28
28
28
28
28
28
28
28
28
28
28
28
28
28
28
28
29
29
31
38
50
67
84
99
109
122
129
137
140
143
144
145
145
145
143
139
130
130
103
103
57
57
46
39
34
32
32
31
31
31
31
