0
0
0
0
0
0
0
0
0
0
0
0
0
0
0
0
0
0
0
0
0
0
0
0
0
31
31
31
31
31
31
31
31
31
31
31
31
46
60
86
97
105
117
129
134
139
145
148
152
153
155
155
155
154
144
137
131
115
107
93
87
76
66
57
46
40
35
27
24
19
18
17
16
16
20
25
40
48
56
74
82
94
101
114
129
135
146
151
154
158
160
161
162
162
162
162
160
148
141
119
109
100
86
81
71
66
55
50
38
34
30
24
22
19
18
18
18
19
25
45
58
83
94
101
112
117
129
136
148
152
156
161
163
163
164
164
164
164
164
163
160
156
145
136
131
115
107
100
87
81
70
64
54
49
42
37
32
30
27
26
25
25
25
26
32
38
43
54
60
66
73
77
80
87
97
102
106
114
119
124
134
138
144
146
148
151
152
155
155
156
156
156
156
153
151
139
132
116
109
104
93
89
85
76
71
63
60
56
50
46
44
39
38
36
34
34
33
33
34
41
46
55
59
64
78
84
95
99
107
111
116
119
121
127
133
138
147
150
153
153
153
153
153
153
153
153
145
139
131
111
103
94
83
78
70
66
62
54
51
45
42
36
34
31
28
26
23
23
22
22
22
22
24
27
32
41
56
64
75
80
87
91
100
104
112
116
119
127
130
133
138
139
140
141
141
141
141
141
141
140
137
133
128
115
109
103
93
90
83
79
72
70
67
61
58
51
47
41
38
36
31
29
28
26
26
26
26
26
26
26
26
28
30
32
38
41
45
52
55
62
66
71
78
80
82
87
91
93
98
99
100
101
101
101
101
101
99
95
89
74
