0
0
0
0
0
0
0
0
0
0
0
0
0
0
0
0
0
0
0
0
0
0
0
139
139
139
139
139
139
139
138
136
133
130
127
127
127
127
103
90
83
77
72
66
64
64
64
64
64
64
64
64
64
64
64
64
64
64
64
64
62
60
56
53
50
49
48
47
47
46
46
46
46
47
47
50
55
61
65
71
76
82
92
102
108
112
117
120
124
128
133
138
143
145
149
149
149
149
149
149
149
149
149
149
149
149
149
149
149
149
149
149
149
149
149
149
149
149
149
149
149
149
149
149
149
149
149
149
147
137
132
125
121
117
113
109
104
99
96
93
89
85
83
80
77
75
72
69
69
64
64
61
58
56
53
51
48
46
45
44
43
42
41
40
39
39
38
37
37
36
36
36
36
36
36
37
39
41
42
44
45
47
50
53
57
59
61
64
67
69
72
74
77
79
84
87
90
94
96
99
104
107
111
115
118
121
122
124
124
125
127
129
131
133
135
137
139
141
141
141
141
141
141
141
141
141
141
141
141
141
141
141
141
141
141
141
141
141
141
141
141
141
141
141
141
141
141
141
141
141
141
141
141
141
123
121
118
115
111
107
104
100
96
92
89
85
83
80
78
75
73
69
67
65
63
60
58
56
56
55
53
51
48
46
43
42
40
39
37
36
36
36
36
36
36
36
36
36
36
36
37
38
40
42
43
47
50
52
55
57
59
60
61
63
65
67
71
73
75
78
81
84
87
89
92
94
96
98
100
102
104
106
108
109
111
111
113
113
117
117
119
120
122
123
125
126
128
129
131
133
134
136
138
140
141
143
144
145
146
146
