0
0
0
0
0
0
0
0
0
0
0
6
6
6
6
6
6
6
6
6
6
15
26
55
83
92
110
119
123
127
134
138
143
146
151
152
156
158
162
165
171
172
173
173
173
173
173
173
168
161
136
127
104
98
89
81
77
65
59
49
39
34
26
21
17
10
5
4
2
1
0
0
0
7
14
31
38
49
54
62
67
79
85
97
102
111
122
126
134
138
146
149
157
162
163
164
164
164
164
159
151
117
95
55
40
22
16
4
1
1
1
1
5
43
84
99
114
141
154
158
161
164
164
165
165
163
159
143
136
118
110
97
91
80
76
66
60
51
47
45
44
44
44
44
44
44
45
47
55
60
71
75
85
90
98
104
122
129
139
144
150
159
162
166
168
168
168
168
166
160
157
153
138
122
114
101
98
93
90
80
74
60
52
38
33
28
23
20
17
15
14
13
12
11
11
11
11
19
31
62
92
101
122
129
135
147
154
171
178
178
178
178
178
178
178
178
178
178
178
178
178
178
178
178
179
179
179
179
179
179
177
169
126
92
34
17
3
3
3
3
3
3
3
3
3
3
3
3
3
1
34
62
106
118
135
140
143
144
144
144
144
137
126
79
60
26
19
14
10
10
10
11
32
56
100
122
127
130
131
131
131
131
130
126
107
86
55
45
28
23
17
16
16
16
18
44
61
105
119
133
147
151
154
154
155
156
157
160
161
163
163
163
164
164
165
166
167
168
168
168
167
152
140
113
105
98
88
85
81
76
72
61
56
45
41
35
32
29
25
23
21
18
17
16
15
15
15
15
15
20
29
50
57
72
78
91
98
112
121
134
